%YAML:1.0
---
R: !!opencv-matrix
   rows: 3
   cols: 3
   dt: d
   data: [ 9.9995976699651545e-01, -4.2565026902428056e-05,
       8.9700934495132757e-03, -3.9099409397260063e-05,
       9.9995855963966751e-01, 9.1037066405747942e-03,
       -8.9701092251265810e-03, -9.1036910964699159e-03,
       9.9991832663918567e-01 ]
T: !!opencv-matrix
   rows: 3
   cols: 1
   dt: d
   data: [ -6.1633763653759333e-02, 3.5524043335335366e-03,
       -1.6662426524619370e-03 ]
R1: !!opencv-matrix
   rows: 3
   cols: 3
   dt: d
   data: [ 9.9769975936556210e-01, -5.7806576316045785e-02,
       3.5406071464038832e-02, 5.7640187631403078e-02,
       9.9832113224679964e-01, 5.7031289030255901e-03,
       -3.5676307708563351e-02, -3.6491977317013491e-03,
       9.9935673531737357e-01 ]
R2: !!opencv-matrix
   rows: 3
   cols: 3
   dt: d
   data: [ 9.9797967521585540e-01, -5.7520863774137038e-02,
       2.6979957129932172e-02, 5.7646532626896729e-02,
       9.9832942737452446e-01, -3.9027828725324335e-03,
       -2.6710393710163434e-02, 5.4501989625308309e-03,
       9.9962835603994205e-01 ]
P1: !!opencv-matrix
   rows: 3
   cols: 4
   dt: d
   data: [ 1.0989579915948357e+03, 0., 2.9890711212158203e+02, 0., 0.,
       1.0989579915948357e+03, 2.4663463592529297e+02, 0., 0., 0., 1.,
       0. ]
P2: !!opencv-matrix
   rows: 3
   cols: 4
   dt: d
   data: [ 1.0989579915948357e+03, 0., 2.9890711212158203e+02,
       -6.7870036636483633e+01, 0., 1.0989579915948357e+03,
       2.4663463592529297e+02, 0., 0., 0., 1., 0. ]
Q: !!opencv-matrix
   rows: 4
   cols: 4
   dt: d
   data: [ 1., 0., 0., -2.9890711212158203e+02, 0., 1., 0.,
       -2.4663463592529297e+02, 0., 0., 0., 1.0989579915948357e+03, 0.,
       0., 1.6192093684594969e+01, 0. ]
