%YAML:1.0
---
R: !!opencv-matrix
   rows: 3
   cols: 3
   dt: d
   data: [ 9.9974994888722279e-01, -2.2246147554826689e-02,
       2.2690568446499652e-03, 2.2246527780967900e-02,
       9.9975250522580039e-01, -1.4246552738713493e-04,
       -2.2653259557948217e-03, 1.9290853985458431e-04,
       9.9999741553896493e-01 ]
T: !!opencv-matrix
   rows: 3
   cols: 1
   dt: d
   data: [ -2.5857006966609961e+00, -1.7915397893414217e-02,
       2.5534818767713602e-02 ]
R1: !!opencv-matrix
   rows: 3
   cols: 3
   dt: d
   data: [ 9.9985370665265560e-01, -1.5320009356485711e-02,
       -7.6067474167740689e-03, 1.5319759446616900e-02,
       9.9988264144697359e-01, -9.1123655139716119e-05,
       7.6072507151533370e-03, -2.5423216240961325e-05,
       9.9997106412646608e-01 ]
R2: !!opencv-matrix
   rows: 3
   cols: 3
   dt: d
   data: [ 9.9992724316708681e-01, 6.9281392270011434e-03,
       -9.8746776717447970e-03, -6.9278148201688252e-03,
       9.9997600015450905e-01, 6.7058232042311073e-05,
       9.8749052697743086e-03, 1.3565852209853247e-06,
       9.9995124193336182e-01 ]
P1: !!opencv-matrix
   rows: 3
   cols: 4
   dt: d
   data: [ 8.7101900973279999e+02, 0., 6.2590364074707031e+02, 0., 0.,
       8.7101900973279999e+02, 4.7294453048706055e+02, 0., 0., 0., 1.,
       0. ]
P2: !!opencv-matrix
   rows: 3
   cols: 4
   dt: d
   data: [ 8.7101900973279999e+02, 0., 6.2590364074707031e+02,
       -2.2523583347300923e+03, 0., 8.7101900973279999e+02,
       4.7294453048706055e+02, 0., 0., 0., 1., 0. ]
Q: !!opencv-matrix
   rows: 4
   cols: 4
   dt: d
   data: [ 1., 0., 0., -6.2590364074707031e+02, 0., 1., 0.,
       -4.7294453048706055e+02, 0., 0., 0., 8.7101900973279999e+02, 0.,
       0., 3.8671422584150095e-01, 0. ]
