%YAML:1.0
---
R: !!opencv-matrix
   rows: 3
   cols: 3
   dt: d
   data: [ 9.9971879748173076e-01, -2.2872782271315863e-02,
       6.2579383866550355e-03, 2.2874306431151122e-02,
       9.9973833401205314e-01, -1.7208166120174153e-04,
       -6.2523649106550269e-03, 3.1517927168889736e-04,
       9.9998040410552580e-01 ]
T: !!opencv-matrix
   rows: 3
   cols: 1
   dt: d
   data: [ -1.6857621602275671e+01, -1.5275119874210386e-01,
       -2.2327711747485379e-01 ]
R1: !!opencv-matrix
   rows: 3
   cols: 3
   dt: d
   data: [ 9.9971453409269595e-01, -1.3807946446834567e-02,
       1.9498485550042820e-02, 1.3812453855716665e-02,
       9.9990459885186156e-01, -9.6505861940498941e-05,
       -1.9495292824360907e-02, 3.6580024472340186e-04,
       9.9980988180147179e-01 ]
R2: !!opencv-matrix
   rows: 3
   cols: 3
   dt: d
   data: [ 9.9987125832205637e-01, 9.0600878878341982e-03,
       1.3243171407641899e-02, -9.0626343504478773e-03,
       9.9995892473610137e-01, 1.3228473058506603e-04,
       -1.3241428929596163e-02, -2.5228572013463155e-04,
       9.9991229660996639e-01 ]
P1: !!opencv-matrix
   rows: 3
   cols: 4
   dt: d
   data: [ 8.9626620722560926e+02, 0., 5.9508231353759766e+02, 0., 0.,
       8.9626620722560926e+02, 4.3845174026489258e+02, 0., 0., 0., 1.,
       0. ]
P2: !!opencv-matrix
   rows: 3
   cols: 4
   dt: d
   data: [ 8.9626620722560926e+02, 0., 5.9508231353759766e+02,
       -1.5110861974041822e+04, 0., 8.9626620722560926e+02,
       4.3845174026489258e+02, 0., 0., 0., 1., 0. ]
Q: !!opencv-matrix
   rows: 4
   cols: 4
   dt: d
   data: [ 1., 0., 0., -5.9508231353759766e+02, 0., 1., 0.,
       -4.3845174026489258e+02, 0., 0., 0., 8.9626620722560926e+02, 0.,
       0., 5.9312712191088718e-02, 0. ]
