%YAML:1.0
---
R: !!opencv-matrix
   rows: 3
   cols: 3
   dt: d
   data: [ 9.9994589955229052e-01, 6.3442537606940742e-05,
       -1.0401631776071249e-02, -6.0155371424388657e-05,
       9.9999994815622695e-01, 3.1633664763532586e-04,
       1.0401651306011077e-02, -3.1569381965815290e-04,
       9.9994585152773174e-01 ]
T: !!opencv-matrix
   rows: 3
   cols: 1
   dt: d
   data: [ -6.2596580585369058e-02, 5.5376220907914953e-05,
       -1.1037515019796265e-03 ]
R1: !!opencv-matrix
   rows: 3
   cols: 3
   dt: d
   data: [ 9.9997353032201497e-01, -8.2664764354132593e-04,
       7.2287833692747530e-03, 8.2552012918385193e-04,
       9.9999964662436081e-01, 1.5895807546391618e-04,
       -7.2289122171173142e-03, -1.5298636171399949e-04,
       9.9997385936999883e-01 ]
R2: !!opencv-matrix
   rows: 3
   cols: 3
   dt: d
   data: [ 9.9984418771890671e-01, -8.8451465071827970e-04,
       1.7630028886888187e-02, 8.8726455999427439e-04,
       9.9999959540540084e-01, -1.4815746744241491e-04,
       -1.7629890706423151e-02, 1.6377688251246309e-04,
       9.9984456798585053e-01 ]
P1: !!opencv-matrix
   rows: 3
   cols: 4
   dt: d
   data: [ 1.3101949750371321e+03, 0., 6.1630924987792969e+02, 0., 0.,
       1.3101949750371321e+03, 3.6853243255615234e+02, 0., 0., 0., 1.,
       0. ]
P2: !!opencv-matrix
   rows: 3
   cols: 4
   dt: d
   data: [ 1.3101949750371321e+03, 0., 6.1630924987792969e+02,
       -8.2026506074479016e+01, 0., 1.3101949750371321e+03,
       3.6853243255615234e+02, 0., 0., 0., 1., 0. ]
Q: !!opencv-matrix
   rows: 4
   cols: 4
   dt: d
   data: [ 1., 0., 0., -6.1630924987792969e+02, 0., 1., 0.,
       -3.6853243255615234e+02, 0., 0., 0., 1.3101949750371321e+03, 0.,
       0., 1.5972824367863378e+01, 0. ]
