%YAML:1.0
---
R: !!opencv-matrix
   rows: 3
   cols: 3
   dt: d
   data: [ 9.9986311019060203e-01, 9.7662093721391230e-03,
       -1.3355973737452077e-02, -9.5501568337788001e-03,
       9.9982404013659842e-01, 1.6145688879071609e-02,
       1.3511305800188068e-02, -1.6015927054937863e-02,
       9.9978044324548809e-01 ]
T: !!opencv-matrix
   rows: 3
   cols: 1
   dt: d
   data: [ -6.9783236437704399e-02, 7.8270777102670100e-06,
       -4.9615718555006435e-04 ]
R1: !!opencv-matrix
   rows: 3
   cols: 3
   dt: d
   data: [ 9.9993496622083322e-01, 9.5399523308504104e-03,
       -6.2492110274915396e-03, -9.4892874059379628e-03,
       9.9992226984634103e-01, 8.0875020784420826e-03,
       6.3258796596621265e-03, -8.0276755581176681e-03,
       9.9994776847176625e-01 ]
R2: !!opencv-matrix
   rows: 3
   cols: 3
   dt: d
   data: [ 9.9997471878412336e-01, -1.1215988583429111e-04,
       7.1097969572688907e-03, 1.6944535862691471e-04,
       9.9996752613566164e-01, -8.0571683856972311e-03,
       -7.1086623836007275e-03, 8.0581694127791134e-03,
       9.9994226474573566e-01 ]
P1: !!opencv-matrix
   rows: 3
   cols: 4
   dt: d
   data: [ 4.2033559436669117e+02, 0., 3.0182993698120117e+02, 0., 0.,
       4.2033559436669117e+02, 2.2952201461791992e+02, 0., 0., 0., 1.,
       0. ]
P2: !!opencv-matrix
   rows: 3
   cols: 4
   dt: d
   data: [ 4.2033559436669117e+02, 0., 3.0182993698120117e+02,
       -2.9333119741806353e+01, 0., 4.2033559436669117e+02,
       2.2952201461791992e+02, 0., 0., 0., 1., 0. ]
Q: !!opencv-matrix
   rows: 4
   cols: 4
   dt: d
   data: [ 1., 0., 0., -3.0182993698120117e+02, 0., 1., 0.,
       -2.2952201461791992e+02, 0., 0., 0., 4.2033559436669117e+02, 0.,
       0., 1.4329726877554641e+01, 0. ]
