%YAML:1.0
---
M1: !!opencv-matrix
   rows: 3
   cols: 3
   dt: d
   data: [ 9.5084982829099988e+02, 0., 3.4524484120926081e+02, 0.,
       9.5084982829099988e+02, 2.6098532780968480e+02, 0., 0., 1. ]
M2: !!opencv-matrix
   rows: 3
   cols: 3
   dt: d
   data: [ 9.5084982829099988e+02, 0., 3.1443110288286124e+02, 0.,
       9.5084982829099988e+02, 2.3611124560074194e+02, 0., 0., 1. ]
D1: !!opencv-matrix
   rows: 1
   cols: 14
   dt: d
   data: [ 2.1690512183196300e-01, -7.9811930182104129e-01,
       -5.6972411550169997e-03, 8.1021805003889964e-03, 0., 0., 0., 0.,
       0., 0., 0., 0., 0., 0. ]
D2: !!opencv-matrix
   rows: 1
   cols: 14
   dt: d
   data: [ 1.7903342718124660e-01, -4.6118453489615913e-01,
       -5.7604586478536991e-03, 4.5852439867125876e-03, 0., 0., 0., 0.,
       0., 0., 0., 0., 0., 0. ]
