%YAML:1.0
---
M1: !!opencv-matrix
   rows: 3
   cols: 3
   dt: d
   data: [ 1.3536638884350957e+03, 0., 6.4776738410837925e+02, 0.,
       1.3561283475318698e+03, 3.8240319522521105e+02, 0., 0., 1. ]
D1: !!opencv-matrix
   rows: 1
   cols: 14
   dt: d
   data: [ 2.5941627595289957e-01, -1.7227889777775032e+00, 0., 0., 0.,
       0., 0., -3.4311524363402683e+00, 0., 0., 0., 0., 0., 0. ]
M2: !!opencv-matrix
   rows: 3
   cols: 3
   dt: d
   data: [ 1.3536638884350957e+03, 0., 6.2550451369253472e+02, 0.,
       1.3561283475318698e+03, 3.5525684742501778e+02, 0., 0., 1. ]
D2: !!opencv-matrix
   rows: 1
   cols: 14
   dt: d
   data: [ 2.4203054381553252e-01, -1.6197798785114759e+00, 0., 0., 0.,
       0., 0., -3.2469799039389762e+00, 0., 0., 0., 0., 0., 0. ]
