%YAML:1.0
---
M1: !!opencv-matrix
   rows: 3
   cols: 3
   dt: d
   data: [ 4.4599522757621298e+02, 0., 3.1254719729621524e+02, 0.,
       4.4742915712225602e+02, 2.2921900131557391e+02, 0., 0., 1. ]
D1: !!opencv-matrix
   rows: 1
   cols: 14
   dt: d
   data: [ 6.1971770832053817e-02, -2.1769387325888173e-01, 0., 0., 0.,
       0., 0., -1.7511957488427826e-01, 0., 0., 0., 0., 0., 0. ]
M2: !!opencv-matrix
   rows: 3
   cols: 3
   dt: d
   data: [ 4.4599522757621298e+02, 0., 2.8958582169712543e+02, 0.,
       4.4742915712225602e+02, 2.2902797968550308e+02, 0., 0., 1. ]
D2: !!opencv-matrix
   rows: 1
   cols: 14
   dt: d
   data: [ -4.4825291847213752e-03, -7.0393988125373258e-02, 0., 0., 0.,
       0., 0., -9.1013780173052936e-02, 0., 0., 0., 0., 0., 0. ]
