%YAML:1.0
---
M1: !!opencv-matrix
   rows: 3
   cols: 3
   dt: d
   data: [ 9.2332771178046721e+02, 0., 6.1369797113932862e+02, 0.,
       9.1968305515870213e+02, 4.8282885591319518e+02, 0., 0., 1. ]
D1: !!opencv-matrix
   rows: 1
   cols: 14
   dt: d
   data: [ 1.0413757205041034e-02, -4.5295795854992993e-02, 0., 0., 0.,
       0., 0., -1.8978160701030384e-02, 0., 0., 0., 0., 0., 0. ]
M2: !!opencv-matrix
   rows: 3
   cols: 3
   dt: d
   data: [ 9.2332771178046721e+02, 0., 6.1547074532225713e+02, 0.,
       9.1968305515870213e+02, 4.6338839374051634e+02, 0., 0., 1. ]
D2: !!opencv-matrix
   rows: 1
   cols: 14
   dt: d
   data: [ 1.9640860336821473e-02, -8.2572923558125580e-02, 0., 0., 0.,
       0., 0., -5.7181310373008061e-02, 0., 0., 0., 0., 0., 0. ]
