%YAML:1.0
---
M1: !!opencv-matrix
   rows: 3
   cols: 3
   dt: d
   data: [ 9.1659384344309774e+02, 0., 6.1913424819729664e+02, 0.,
       9.2805422610253152e+02, 4.4880153937440423e+02, 0., 0., 1. ]
D1: !!opencv-matrix
   rows: 1
   cols: 14
   dt: d
   data: [ 4.8377936909380352e-02, -1.0895598975026267e-01, 0., 0., 0.,
       0., 0., -6.2959763035286248e-02, 0., 0., 0., 0., 0., 0. ]
M2: !!opencv-matrix
   rows: 3
   cols: 3
   dt: d
   data: [ 9.1659384344309774e+02, 0., 6.1656622662122436e+02, 0.,
       9.2805422610253152e+02, 4.2938135999184328e+02, 0., 0., 1. ]
D2: !!opencv-matrix
   rows: 1
   cols: 14
   dt: d
   data: [ 7.5415074870212997e-02, -2.1209578890184130e-01, 0., 0., 0.,
       0., 0., -1.8283910811281093e-01, 0., 0., 0., 0., 0., 0. ]
